0.16 45.0 5.0 126.72 91.44 4.0 0.0 0.039917125756 
0.16 45.0 5.0 126.72 91.44 4.0 0.0 0.039917125756 
0.16 45.0 5.0 126.72 91.44 4.0 0.0 0.039917125756 
0.16 45.0 5.0 126.72 91.44 4.0 0.0 0.039917125756 
0.16 45.0 5.0 126.72 91.44 4.0 0.0 0.039917125756 
0.16 45.0 5.0 126.72 91.44 4.0 0.0 0.039917125756 
0.16 45.0 5.0 126.72 91.44 4.0 0.0 0.039917125756 
0.16 45.0 5.0 126.72 91.44 4.0 0.0 0.039917125756 
1.0 45.0 5.0 37.8 33.48 4.0 0.0 0.224986713292 
1.0 45.0 5.0 48.96 33.48 4.0 0.0 0.10617882119 
