12.00
0.0
30.85
14.30
24.60
24.73
24.23
24.38
24.44
24.36
24.42
24.58
24.38
24.42
24.56
24.36
24.30
24.29
24.40
24.35
24.39
24.34
24.10
24.30
24.00
24.20
24.47
230.31
4.33
76.00
37.00
13.77
10.92
80.00
92.59
70.00
105.40
39.94
13.90
117.00
15.00
90.30
44.12
18.09
27.00
129.00
67.00
0.0
11.93
53.50
65.85
55.60
70.87
2.38
30.46
61.09
76.00
112.00
125.49
49.42
118.00
205.20
22.95
21.81
286.00
26.60
101.84
73.78
34.93
272.60
0.0
40.11
25.66
21.87
11.93
60.00
30.21
20.00
21.03
140.70
12.90
24.36
38.00
22.04
84.00
61.25
27.00
46.64
16.00
4.00
141.00
31.00
370.00
15.90
15.74
6.35
26.17
119.00
65.00
42.10
26.76
16.67
47.15
21.32
67.00
49.60
100.00
20.20
67.30
40.46
0.0
103.71
46.00
57.14
62.30
21.60
65.30
35.65
55.00
64.00
9.20
57.00
27.46
51.00
71.00
24.54
0.0
71.00
0.0
44.61
85.00
53.00
2.64
29.83
26.22
65.83
37.04
45.00
39.90
30.31
14.59
94.89
103.00
100.30
59.00
27.50
91.00
47.81
97.00
21.02
0.0
42.19
68.90
38.00
69.00
25.66
52.15
15.40
20.00
52.00
43.00
119.40
33.77
136.00
126.45
79.34
0.0
50.94
103.20
69.30
124.00
83.70
57.40
56.79
94.70
75.00
93.70
17.50
273.00
0.0
39.57
61.97
146.50
29.41
114.00
77.71
131.00
67.20
73.81
0.0
37.00
73.40
102.57
30.00
80.54
21.00
48.00
38.73
60.67
39.00
45.30
27.14
38.78
18.99
96.91
37.05
44.00
72.59
36.60
83.60
0.0
54.00
70.83
78.00
86.60
138.15
113.00
88.30
84.19
97.30
34.42
125.36
0.0
2.89
90.70
0.0
26.31
11.11
18.25
50.00
149.00
154.70
116.30
33.33
32.39
67.50
122.00
13.98
8.78
98.70
65.00
45.00
18.41
253.89
0.0
76.10
98.98
69.40
92.30
61.29
194.00
0.0
19.40
95.70
48.92
48.92
16.00
160.80
20.83
73.78
14.96
122.30
134.57
28.00
104.59
27.00
30.25
39.95
63.33
196.00
46.00
0.0
165.03
165.00
228.30
327.00
5.73
52.67
133.70
131.80
40.94
195.56
179.40
113.40
270.60
0.0
23.73
35.00
19.48
52.20
254.00
240.50
20.00
112.30
190.00
67.99
12.86
142.80
147.29
116.90
219.00
156.50
196.85
36.60
178.47
94.16
292.50
38.00
91.29
34.66
86.64
238.20
472.70
95.00
184.43
75.70
198.80
76.00
145.80
51.10
179.70
196.43
91.40
103.72
15.88
180.37
54.30
0.0
70.00
57.80
82.50
13.16
27.30
237.10
122.40
72.00
152.90
57.40
23.00
50.00
41.50
102.10
122.00
113.79
100.00
134.50
78.20
157.94
180.20
159.74
20.32
25.10
21.00
12.50
98.10
15.33
29.00
93.00
167.00
2.97
200.30
156.90
160.70
26.95
226.10
92.70
72.80
130.32
159.30
113.00
426.00
347.00
98.10
195.99
42.00
22.51
71.60
9.02
294.00
383.90
379.78
87.00
278.70
66.80
252.10
394.20
438.70
94.22
48.82
1039.40
80.00
445.00
212.00
10.25
714.00
14.32
0.0
6.49
96.53
506.80
139.00
418.20
50.75
189.70
136.53
158.36
27.00
26.59
72.74
33.78
306.50
449.20
0.0
58.14
25.30
240.20
52.54
69.30
116.16
129.10
446.80
0.0
491.00
167.50
330.70
253.90
234.00
590.00
635.90
149.70
142.80
436.50
320.30
93.04
60.00
30.10
51.00
334.00
108.70
0.0
207.00
19.00
103.92
275.90
78.51
38.00
271.01
203.00
40.20
158.40
406.00
262.56
26.00
599.10
249.30
148.40
677.00
9.18
228.20
40.53
493.60
303.00
707.40
27.40
45.10
204.70
11.22
92.92
439.40
223.26
111.20
44.90
289.50
330.00
298.00
124.79
52.95
26.86
280.27
55.33
675.00
77.00
261.10
264.40
148.73
120.00
305.70
567.80
114.00
0.0
4.85
85.50
228.04
519.80
30.77
46.45
116.08
19.20
343.80
159.03
185.00
78.70
284.70
111.68
133.80
174.00
241.00
216.00
191.00
74.00
34.80
74.00
243.50
219.20
39.67
325.20
178.00
59.24
683.00
145.41
133.93
50.60
0.0
174.35
37.00
333.80
141.10
163.00
110.00
786.60
47.40
347.00
74.00
454.20
97.47
125.83
176.10
415.10
37.00
43.42
363.00
359.00
8.09
76.00
301.00
26.00
239.40
414.00
495.00
100.00
439.90
105.02
176.50
17.50
9.26
94.30
44.10
270.60
297.25
109.95
286.00
388.00
336.20
17.90
433.30
236.40
215.00
89.81
278.40
100.58
95.00
42.90
206.50
713.00
29.63
94.70
10.17
13.20
374.00
86.10
26.20
875.00
500.00
146.72
343.00
470.00
967.00
505.00
316.10
480.00
436.90
374.00
44.00
0.0
66.00
205.60
574.00
340.00
36.21
37.84
15.30
24.00
133.00
134.10
93.00
12.00
309.00
983.30
145.30
678.10
400.94
442.20
16.42
97.60
28.00
383.00
13.31
733.60
618.80
659.00
828.00
497.00
287.30
502.70
209.60
27.91
318.80
294.91
680.90
42.00
118.00
514.00
148.40
27.10
15.10
44.30
119.30
41.70
777.70
259.20
640.30
39.90
241.00
76.99
364.60
717.30
26.50
26.15
26.50
26.36
435.00
278.10
74.42
293.40
597.00
284.60
478.00
90.39
214.60
254.00
112.10
229.00
354.80
547.00
174.17
416.80
128.50
31.27
293.71
4.93
563.00
98.00
39.00
305.00
100.60
25.00
13.88
273.00
229.00
542.30
575.20
645.00
163.00
960.00
54.24
311.80
514.70
0.0
677.00
0.0
808.10
121.98
153.50
260.17
58.50
289.20
60.49
369.00
0.0
129.60
64.56
358.80
0.0
123.98
198.70
32.90
323.90
248.00
43.40
325.00
430.10
71.00
82.40
0.0
456.70
65.30
59.35
131.46
113.00
409.00
332.00
282.00
12.61
44.26
113.70
549.60
200.50
14.56
22.29
124.20
166.00
87.00
177.10
367.70
55.83
216.60
262.40
349.70
14.05
71.07
115.95
13.57
498.00
133.00
8.60
37.00
175.00
477.20
0.0
22.26
258.00
194.00
584.00
256.50
151.20
11.75
143.00
61.00
48.70
129.80
19.62
140.60
423.60
84.00
84.76
332.00
219.00
628.70
469.70
252.50
171.70
51.50
31.05
194.10
482.00
87.78
127.00
30.08
29.47
29.31
29.30
29.30
27.96
11.61
167.20
664.00
221.00
250.00
79.00
0.0
199.90
152.70
833.00
406.60
235.00
124.70
126.93
338.00
329.00
49.00
362.70
18.16
89.50
269.00
73.62
292.00
149.00
49.60
200.00
106.65
110.90
14.70
181.00
282.00
137.30
64.40
24.82
190.82
66.28
110.70
219.80
107.00
96.00
38.00
147.50
316.00
11.62
69.70
93.00
707.00
14.91
136.90
611.00
603.00
150.00
546.00
152.70
91.00
117.00
380.00
175.88
163.50
304.50
60.00
428.00
91.00
186.00
265.70
18.38
35.01
211.00
50.93
345.70
23.23
35.16
68.39
92.17
287.00
168.30
37.42
148.00
222.30
126.00
141.20
315.50
24.80
55.98
17.70
102.00
337.70
600.00
830.00
21.60
66.50
493.00
114.19
120.00
210.00
130.80
450.00
23.46
51.90
73.05
436.00
144.50
657.00
127.80
122.00
56.10
212.90
52.32
260.56
176.55
177.00
59.00
273.00
194.60
319.00
170.93
53.76
46.20
77.50
264.07
38.05
0.0
52.00
140.80
54.37
0.0
532.00
35.10
10.68
533.00
89.39
37.00
150.10
1069.00
49.13
52.50
416.00
380.10
27.21
221.00
556.80
127.57
79.90
19.54
49.00
439.00
1173.00
312.00
171.30
161.20
360.10
624.00
21.39
34.49
52.00
110.00
152.44
582.80
748.00
300.00
44.79
312.60
124.48
194.00
1160.00
488.00
163.60
321.50
467.00
117.50
134.70
172.00
0.0
71.00
261.00
363.00
153.80
230.68
177.00
364.30
292.00
755.00
820.00
88.02
60.42
68.18
62.86
295.00
183.30
139.40
224.20
364.00
145.00
684.80
720.00
269.20
237.00
817.00
84.11
33.80
456.10
557.80
594.00
201.00
166.20
99.30
46.00
42.10
952.00
1209.00
101.00
7.30
29.49
14.10
489.60
498.00
33.77
235.00
89.90
412.00
562.90
578.00
758.00
48.19
474.10
1120.00
398.41
649.00
372.80
148.00
54.00
24.32
100.00
416.00
0.0
474.00
134.90
449.00
503.00
542.70
608.00
470.70
193.23
660.40
417.00
448.00
738.00
238.00
249.00
410.00
237.00
494.00
436.00
424.30
552.10
170.10
258.90
258.91
18.43
0.0
474.00
591.70
411.40
27.70
30.36
29.50
30.10
30.60
30.30
62.41
484.00
482.00
450.80
535.10
478.80
405.80
718.00
35.76
36.30
29.80
595.00
490.40
279.00
43.00
224.00
0.0
23.00
128.28
925.00
392.90
106.20
35.50
213.80
290.00
398.60
332.00
540.20
180.40
31.09
43.25
251.50
673.00
319.70
229.90
33.46
482.00
562.00
179.10
164.00
80.00
49.50
68.41
40.80
786.00
187.80
56.56
207.20
425.00
416.10
337.00
354.00
74.50
92.31
302.00
307.00
950.00
154.30
365.00
229.00
375.30
845.00
533.00
193.40
30.81
60.37
640.90
535.00
166.97
232.70
354.30
385.00
410.00
278.00
114.97
115.21
114.56
114.22
113.79
113.29
130.73
303.40
526.00
230.00
530.00
367.10
629.00
537.00
377.00
395.00
49.55
110.31
375.00
280.20
150.29
54.00
42.95
22.91
146.36
598.00
207.10
1077.00
185.24
170.00
94.00
626.00
656.10
31.00
76.13
360.00
398.20
380.00
268.30
190.70
146.73
316.00
788.00
0.0
454.00
102.60
37.00
24.89
25.35
393.60
356.00
228.00
281.00
225.80
75.69
111.00
346.00
461.00
7.09
59.88
376.00
191.50
106.10
92.64
525.00
713.00
15.97
544.00
342.00
51.00
0.0
164.00
449.00
817.00
313.10
254.00
407.00
682.70
435.00
245.80
287.06
587.70
525.80
707.00
466.00
452.60
539.00
306.90
125.22
833.00
371.10
247.40
354.00
254.00
36.86
110.00
386.60
297.70
66.98
44.83
41.10
103.00
42.64
341.00
381.60
75.70
103.00
47.76
496.00
126.06
416.20
99.50
219.30
19.69
172.00
254.20
472.00
409.00
554.90
875.00
182.00
58.91
161.00
744.00
230.00
158.20
203.00
57.00
264.40
727.00
539.20
277.00
147.00
93.00
60.74
41.09
281.50
231.00
34.49
9.62
289.00
259.00
256.00
628.00
106.47
354.00
877.40
123.33
72.43
15.44
513.50
340.00
317.00
195.30
228.70
56.84
41.14
242.00
225.00
636.00
524.00
153.50
317.80
83.90
65.05
126.30
260.00
578.00
55.40
73.51
754.00
42.00
170.00
261.00
331.00
106.00
55.31
280.00
488.20
804.00
89.41
33.77
99.30
182.20
323.60
223.40
735.00
49.59
273.00
101.50
58.20
138.56
170.00
573.20
600.10
337.00
24.60
23.85
48.67
333.00
152.15
738.78
274.10
71.80
74.90
24.20
74.90
4.70
361.90
149.20
29.30
310.30
382.00
241.00
158.50
186.00
115.96
30.26
116.30
239.00
193.05
505.70
174.00
131.94
3.14
66.67
96.66
192.90
148.10
113.00
90.10
64.47
23.97
299.00
1778.00
1088.00
1130.00
88.37
160.80
52.00
51.50
422.00
1456.00
962.70
1168.00
0.0
128.00
570.00
835.00
1133.00
101.50
152.98
99.36
219.40
220.92
226.95
224.98
224.10
220.43
207.33
242.15
237.42
238.34
238.72
235.60
238.75
237.34
237.75
237.75
233.90
237.00
243.83
236.84
239.18
237.57
238.13
238.73
234.35
234.81
237.74
238.65
238.47
236.38
238.79
234.50
237.60
236.26
237.70
235.50
239.11
239.14
240.03
239.11
238.85
584.00
420.20
344.00
409.00
509.40
53.00
58.00
239.00
476.00
331.00
178.40
388.00
206.34
189.35
233.82
234.39
230.67
230.09
556.00
42.81
296.70
20.40
36.00
508.30
50.37
516.30
73.20
105.30
158.60
672.00
168.00
738.00
293.00
187.70
82.30
35.35
63.70
159.90
364.30
751.00
252.00
835.00
590.00
405.00
115.00
266.50
167.60
77.00
326.00
121.20
367.10
706.00
534.00
150.00
239.30
179.45
334.00
30.82
207.00
678.00
218.20
328.00
66.60
34.90
110.00
206.00
467.00
302.70
236.40
177.16
889.00
812.60
772.00
431.00
79.42
128.60
50.00
641.00
280.00
23.00
120.37
182.56
182.39
182.26
174.71
57.21
484.00
264.00
778.80
387.90
1073.90
289.00
125.61
177.71
146.00
97.97
77.00
130.00
264.20
149.63
711.00
217.00
388.10
392.00
436.10
233.99
0.0
165.50
192.00
192.60
194.50
170.90
186.32
424.00
24.67
203.50
80.86
146.22
225.00
932.30
708.10
269.00
167.90
52.03
122.41
319.00
683.00
750.40
53.00
89.29
112.38
134.00
137.15
385.00
312.98
141.00
151.27
225.30
205.00
536.00
0.0
606.80
95.00
147.37
140.00
240.70
411.30
598.00
197.10
178.00
867.10
381.91
0.0
193.84
304.90
39.70
452.20
241.00
45.00
148.10
57.80
253.30
545.50
476.00
761.00
0.0
60.60
172.00
44.00
104.14
255.10
518.00
892.00
547.20
361.40
104.00
138.90
0.0
0.0
60.80
462.30
333.00
112.52
41.49
130.00
168.00
65.00
782.00
792.00
728.00
547.80
59.00
116.80
629.00
525.50
128.12
38.89
52.40
14.80
970.00
519.60
240.00
94.30
102.85
210.00
422.00
622.00
644.00
845.00
690.00
230.00
378.00
404.00
310.00
578.00
64.90
35.10
1075.00
196.00
421.70
67.00
405.00
84.44
104.00
776.70
772.00
436.00
51.75
84.00
171.50
1123.00
570.00
60.47
40.00
62.20
186.30
467.00
95.20
925.00
651.10
0.0
647.00
121.20
72.51
135.87
66.78
428.59
607.00
1044.00
611.00
330.00
86.88
87.01
86.88
86.80
91.40
86.70
50.24
58.00
603.00
463.40
551.00
428.30
571.00
224.65
156.50
185.00
119.89
119.50
120.70
119.50
119.80
123.80
119.40
121.50
119.00
119.20
119.80
119.00
158.50
56.62
119.50
19.38
121.00
357.00
120.00
43.20
320.58
0.0
231.00
160.00
530.00
381.00
259.20
430.00
363.20
22.40
302.60
245.00
607.40
494.70
56.00
268.00
114.00
316.80
610.00
217.11
13.80
220.40
95.70
203.00
161.50
257.00
537.00
393.60
245.90
247.00
342.00
338.00
352.00
28.30
578.00
300.87
28.18
475.70
127.00
325.40
234.54
461.00
353.00
411.00
0.0
169.50
543.00
35.00
88.65
155.10
79.31
445.00
707.00
295.00
552.00
1020.00
0.0
529.00
62.00
342.40
123.80
185.20
98.00
269.60
456.00
472.90
471.00
500.00
450.00
277.20
193.30
113.70
132.68
327.00
63.35
231.50
564.00
316.98
326.00
157.33
89.11
93.30
0.0
86.98
124.00
317.80
462.00
316.10
510.00
100.60
300.00
100.74
320.40
268.90
621.00
0.0
274.00
424.00
0.0
208.00
33.90
169.90
307.00
330.00
449.10
195.10
242.00
292.70
243.00
88.50
497.90
348.00
169.80
68.10
182.40
380.00
321.70
748.00
500.00
691.00
349.80
233.20
272.00
311.00
302.30
19.40
26.77
125.88
475.00
216.00
194.32
325.49
0.0
532.00
289.00
49.11
267.00
41.00
434.00
148.10
955.00
109.90
195.98
188.00
485.00
212.20
188.60
343.30
102.50
101.50
507.00
486.00
441.70
797.60
246.00
444.10
257.00
228.10
321.00
215.80
59.96
114.51
215.50
85.30
345.54
605.00
148.22
820.20
429.00
0.0
533.00
836.10
123.16
626.00
318.00
412.80
41.50
500.00
230.80
315.90
113.00
414.00
281.00
228.20
206.70
197.40
140.00
237.00
0.0
388.30
192.00
0.0
97.00
667.00
141.98
188.30
229.00
454.90
207.90
30.60
1166.00
159.53
336.60
418.00
496.60
242.70
27.90
90.77
163.40
88.00
139.00
134.47
18.23
0.0
1234.90
207.30
42.90
56.10
119.60
148.17
62.24
570.00
947.00
201.40
895.00
118.89
540.07
265.80
60.15
24.70
510.00
24.00
427.20
418.00
605.40
515.00
115.54
70.61
254.90
545.00
787.00
0.0
0.0
286.00
431.00
320.00
171.00
56.81
438.20
568.80
180.90
290.20
279.00
198.70
44.54
214.00
30.57
532.90
192.40
404.00
207.20
130.40
160.00
867.30
402.50
438.00
362.00
244.00
151.99
554.00
96.74
623.50
341.30
130.50
0.0
82.39
249.00
783.00
506.77
466.40
282.00
13.30
108.90
492.10
702.00
336.00
386.00
194.00
26.60
420.00
276.00
97.45
47.00
136.80
201.10
249.90
323.40
150.00
37.99
65.00
39.00
345.50
314.40
105.39
403.00
185.00
253.89
106.40
242.60
393.00
402.08
547.00
352.00
1042.60
1103.60
429.00
94.00
252.81
72.68
75.03
24.40
281.20
272.00
114.00
177.49
502.90
105.00
91.00
36.25
19.50
245.17
113.00
297.52
473.50
388.00
195.61
66.99
162.00
109.20
19.66
233.61
162.20
185.90
182.71
278.32
438.80
135.00
118.23
150.00
229.13
193.69
25.69
730.10
256.05
245.34
433.40
126.90
349.00
472.80
249.00
0.0
480.40
217.75
265.00
156.72
261.00
250.40
311.70
456.70
524.00
82.10
239.80
332.00
357.90
0.0
202.80
257.00
72.60
30.96
360.00
201.42
11.10
512.10
467.50
249.80
101.50
112.79
171.73
352.00
36.70
539.36
421.50
149.98
201.90
119.50
64.48
10.39
178.00
209.00
205.53
82.93
484.00
124.06
283.70
705.70
258.64
38.07
33.70
33.28
33.21
33.28
33.31
100.00
202.68
196.69
334.70
446.20
30.98
30.99
48.97
147.00
88.34
37.84
89.39
109.10
155.80
355.20
95.30
157.00
422.00
178.80
628.90
637.00
175.64
145.05
69.00
233.80
58.00
224.70
100.00
192.60
39.00
105.30
358.00
241.69
91.06
338.30
702.10
273.70
168.77
62.57
304.00
339.40
295.00
60.95
329.80
387.20
265.31
237.01
29.18
94.54
208.00
134.93
26.55
62.73
247.40
27.20
13.00
90.31
191.90
613.40
208.00
142.30
93.00
304.00
182.00
27.62
84.00
91.64
385.00
204.70
153.85
101.00
12.44
53.00
238.00
203.31
217.09
53.00
142.50
18.86
542.90
518.50
208.00
527.40
213.00
88.00
223.70
328.00
102.24
159.00
40.83
211.41
32.90
176.88
445.00
247.00
202.70
254.00
99.00
180.00
242.00
176.68
476.00
33.00
12.00
112.00
527.00
281.00
66.00
67.70
207.30
209.20
201.00
42.85
308.00
239.30
140.00
441.00
56.00
3.18
53.20
0.0
211.15
219.20
59.88
165.02
177.90
156.60
106.03
11.50
97.60
355.50
190.00
158.52
61.60
214.60
182.00
0.0
71.00
165.00
205.10
264.00
68.60
237.00
53.22
113.80
70.80
327.70
237.10
91.00
90.00
71.02
142.88
41.20
218.10
252.10
63.30
52.70
138.91
147.90
314.40
50.04
79.00
190.00
40.30
70.76
28.92
174.09
24.34
31.01
56.32
175.00
185.45
59.71
62.00
217.70
60.00
16.22
140.00
96.00
248.81
165.00
44.31
110.00
23.70
94.00
149.00
185.80
35.00
29.90
289.27
129.07
196.30
23.07
164.13
71.00
142.09
31.29
31.46
315.34
45.01
140.03
117.00
195.40
57.20
0.0
7.93
130.00
209.97
104.50
31.97
68.20
45.69
44.00
138.99
0.0
0.0
29.12
273.00
55.00
94.39
196.00
142.21
131.33
234.82
351.00
35.93
401.60
455.00
32.39
107.16
53.90
48.60
67.00
127.00
191.50
60.55
263.60
22.16
112.47
371.80
298.58
37.67
63.36
148.70
238.22
13.00
33.81
23.92
61.50
61.00
14.20
222.35
17.20
367.50
0.0
24.63
429.10
22.65
33.02
99.00
96.80
229.59
11.00
0.0
190.66
71.83
246.00
0.0
60.00
114.65
37.84
25.08
23.47
99.00
36.00
93.56
58.00
33.96
160.10
50.70
20.71
21.00
57.00
315.40
31.78
35.80
39.84
101.81
34.60
107.68
11.46
68.80
60.00
20.74
17.30
36.36
0.0
97.31
85.00
62.40
50.75
30.22
139.83
59.74
120.00
0.0
25.12
141.26
55.10
56.15
31.70
30.12
4.60
35.00
16.90
67.31
67.69
67.13
67.30
66.51
65.52
66.40
67.15
31.85
18.48
106.00
168.00
36.00
44.10
0.0
25.06
25.09
0.0
3.35
19.00
9.00
128.00
148.93
23.60
77.40
14.85
14.00
48.80
70.86
79.00
35.00
36.72
167.00
12.00
101.03
189.43
74.50
161.00
22.56
29.26
69.20
176.00
162.75
43.50
3.28
49.38
168.00
51.80
36.08
33.00
23.02
204.97
124.61
194.00
11.00
35.08
18.09
20.00
0.0
182.00
263.50
11.41
40.74
39.83
68.00
92.00
29.05
29.18
13.80
151.08
0.0
13.76
156.70
49.64
62.06
7.08
46.54
97.10
17.28
74.00
71.00
21.91
20.91
246.00
94.59
13.37
14.00
14.97
197.37
122.61
33.00
31.00
8.46
125.00
58.41
0.0
24.00
117.00
22.50
152.00
38.00
94.66
